TEMP	HUM	EVAP
77.0	16	-0.0155354718078691
73.9	19	-0.01394187963712
73.9	19	-0.01394187963712
71.1	23	-0.0124115177725848
70.0	20	-0.0125644764573578
70.0	25	-0.0117791966787729
73.9	16	-0.014458245549606
78.1	13	-0.0165025854264949
82.0	11	-0.0184509581484753
86.0	11	-0.0201851210176056
89.1	11	-0.0216209426417819
91.9	9	-0.0235067584859521
96.1	8	-0.026027666364936
95.0	8	-0.0254184385433781
96.1	8	-0.026027666364936
97.0	8	-0.0265351223287699
97.0	8	-0.0265351223287699
97.0	7	-0.0268235475714739
96.1	8	-0.026027666364936
93.9	8	-0.0248211332147929
91.9	9	-0.0235067584859521
89.1	10	-0.0218638745815772
86.0	11	-0.0201851210176056
88.0	11	-0.0211020072826701
Total Evaporation: -0.489773157710538
Rainfall: 0.00
Rainfall(adj): 0
Ratio: 114
Remainder: 0.0
